1
15
2
4
7
12
17
18
30
31
1
15
2
4
7
9
16
18
30
33
1
15
2
4
7
12
17
18
30
43
1
15
2
4
7
9
16
18
30
33
1
32
2
4
7
12
17
18
30
38
1
15
2
4
7
12
17
18
30
33
1
15
2
4
7
9
16
18
30
43
1
15
2
4
7
12
17
18
30
43
1
15
2
4
7
9
16
18
30
33
1
15
2
4
7
12
17
18
30
43
1
15
2
4
7
9
16
18
30
33
1
15
2
4
7
12
17
18
30
43
1
15
2
4
7
9
16
18
30
33
1
15
2
4
7
12
17
18
30
38
1
15
2
4
7
9
16
18
30
33
1
32
2
4
7
12
17
18
30
38
1
15
2
4
7
9
16
18
30
43
1
15
2
4
7
12
17
18
30
33
1
15
2
4
7
9
16
18
30
43
1
15
2
4
7
12
17
18
30
38
1
15
2
4
7
12
17
18
30
43
1
15
2
4
7
9
16
18
30
33
1
15
2
4
7
12
17
18
30
31
1
15
2
4
7
9
16
18
30
33
1
15
2
4
7
12
17
18
30
43
1
15
2
4
7
9
16
18
30
33
1
32
2
4
7
12
17
18
30
38
1
15
2
4
7
12
17
18
30
33
1
15
2
4
7
9
16
18
30
43
1
15
2
4
7
12
17
18
30
43
1
15
2
4
7
9
16
18
30
33
1
15
2
4
7
12
17
18
30
43
1
15
2
4
7
9
16
18
30
33
1
15
2
4
7
12
17
18
30
43
1
15
2
4
7
9
16
18
30
33
1
15
2
4
7
12
17
18
30
38
1
15
2
4
7
9
16
18
30
33
1
32
2
4
7
12
17
18
30
38
1
15
2
4
7
9
16
18
30
43
1
15
2
4
7
12
17
18
30
33
1
15
2
4
7
9
16
18
30
43
1
15
2
4
7
12
17
18
30
38
1
15
2
4
7
12
17
18
30
43
1
15
2
4
7
9
16
18
30
33
1
15
2
4
7
12
17
18
30
31
1
15
2
4
7
9
16
18
30
33
1
15
2
4
7
12
17
18
30
43
1
15
2
4
7
9
16
18
30
33
1
32
2
4
7
12
17
18
30
38
1
15
2
4
7
12
17
18
30
33
1
15
2
4
7
9
16
18
30
43
1
15
2
4
7
12
17
18
30
43
