1
4
7
10
13
16
19
21
25
28
31
34
37
39
42
45
48
1
2
4
10
16
19
21
25
28
32
36
40
43
49
1
2
3
5
6
13
19
26
32
35
40
44
50
2
5
9
14
17
21
1
2
3
6
12
18
21
28
33
37
40
44
49
2
4
7
11
13
19
23
27
30
36
37
42
46
49
2
3
4
16
21
24
28
33
36
40
45
50
2
6
8
14
16
20
24
29
32
38
42
47
1
3
4
9
12
17
19
23
28
30
36
38
41
44
1
2
6
10
14
16
21
24
28
31
33
37
40
43
46
1
3
6
9
13
16
19
23
28
30
32
37
40
41
45
1
2
3
5
6
17
19
23
29
31
34
38
41
44
49
1
2
3
5
6
13
19
26
32
35
40
44
50
2
5
9
14
17
21
1
2
3
6
12
18
21
28
33
37
40
44
49
2
4
7
11
13
19
23
27
30
36
37
42
46
49
2
3
4
16
21
24
28
33
36
40
45
50
2
6
8
14
16
20
24
29
32
38
42
47
1
3
4
9
12
17
19
23
28
30
36
38
41
44
1
2
6
10
14
16
21
24
28
31
33
37
40
43
46
1
3
6
9
13
16
19
23
28
30
32
37
40
41
45
1
2
3
5
6
17
19
23
29
31
34
38
41
44
49
1
2
3
5
6
13
19
26
32
35
40
44
50
2
5
9
14
17
21
1
2
3
6
12
18
21
28
33
37
40
44
49
2
4
7
11
13
19
23
27
30
36
37
42
46
49
2
3
4
16
21
24
28
33
36
40
45
50
2
6
8
14
16
20
24
29
32
38
42
47
1
3
4
9
12
17
19
23
28
30
36
38
41
44
1
2
6
10
14
16
21
24
28
31
33
37
40
43
46
1
3
6
9
13
16
19
23
28
30
32
37
40
41
45
1
2
3
5
6
17
19
23
29
31
34
38
41
44
49
1
2
3
5
6
13
19
26
32
35
40
44
50
2
5
9
14
17
21
1
2
3
6
12
18
21
28
33
37
40
44
49
2
4
7
11
13
19
23
27
30
36
37
42
46
49
2
3
4
16
21
24
28
33
36
40
45
50
2
6
8
14
16
20
24
29
32
38
42
47
1
3
4
9
12
17
19
23
28
30
36
38
41
44
1
2
6
10
14
16
21
24
28
31
33
37
40
43
46
1
3
6
