1 | 1 | 7, 9 | 2, 1
1 | 1, 3, 12, 46, 5
1 | 1, 3, 12, 25, 2
7, 9 | 7, 9 | 2, 1
37, 1 | 6, 10, 67, 1
1 | 1, 3, 12 | 70, 1
7, 9 | 13, 8, 4, 12, 33, 5
1 | 1, 21, 11, 2, 1
10, 10, 37, 1 | 20, 12
1 | 1 | 4, 12, 47, 5
7, 9 | 8, 9, 6, 10, 46, 5
8, 9 | 10 | 10, 48, 5
1 | 1, 41, 12, 26, 2
8, 9 | 8, 9 | 67, 1, 33, 5
37, 1 | 12 | 10, 70, 1
7, 9 | 4, 12 | 2, 1
9, 9 | 29, 8, 65, 12
1 | 1, 21, 11, 67, 1
17, 10, 37, 1 | 66, 12
7, 9 | 12 | 10, 53, 5
8, 9 | 9 | 9 | 13, 8, 33, 5
19, 13, 17, 10 | 46, 5, 46, 5
1 | 1, 3, 12, 27, 2
9, 9 | 9 | 9 | 70, 1
37, 1, 18, 10 | 2, 1
8, 9 | 20, 12 | 67, 1
34, 13 | 32, 8, 4, 12
1 | 1, 21, 11, 70, 1, 33, 5
23, 10, 37, 1 | 20, 12
8, 9 | 18, 10, 47, 5
9, 9 | 13, 8, 20, 12
35, 13, 23, 10 | 48, 5
1 | 1, 41, 12, 28, 2, 46, 5
39, 9, 39, 9 | 2, 1
37, 1, 24, 10, 67, 1 | 33, 5
9, 9 | 41, 12 | 70, 1
37, 1 | 36, 8, 65, 12
1 | 1, 21, 11, 2, 1
57, 10, 37, 1 | 66, 12
9, 9 | 24, 10, 53, 5
19, 13, 29, 8 | 29, 8
39, 9, 32, 8, 46, 5 | 33, 5
1 | 1, 3, 12, 38, 2
62, 9, 43, 14, 67, 1 | 46, 5
37, 1 | 61, 10, 70, 1
19, 13, 43, 14, 2 | 1
62, 9 | 13, 8, 4, 12
1 | 1, 21, 11, 67, 1
72, 10, 37, 1, 20, 12 | 33, 5
19, 13, 36, 8 | 47, 5
34, 13, 32, 8 | 41, 12
64, 13, 43, 14 | 48, 5
1 | 1, 41, 12, 44, 2
76, 9 | 49, 14, 70, 1
37, 1, 6, 10, 2, 1 | 46, 5
34, 13, 49, 14, 67, 1 | 33, 5
76, 9 | 29, 8, 65, 12
1 | 1, 21, 11, 70, 1
10, 10, 37, 1 | 66, 12
34, 13 | 49, 14, 53, 5
35, 13, 36, 8 | 54, 14
77, 9, 57, 10 | 46, 5
1 | 1, 3, 12, 51, 2, 33, 5
77, 9 | 54, 14, 2, 1
37, 1 | 12 | 10, 67, 1
35, 13, 54, 14, 70, 1 | 46, 5
85, 9 | 32, 8, 4, 12
1 | 1, 21, 11, 2, 1
17, 10, 37, 1 | 20, 12
35, 13, 59, 14, 47, 5 | 33, 5
37, 1 | 39, 9, 60, 14
90, 9 | 61, 10, 48, 5
1 | 1, 41, 12, 52, 2
85, 9 | 59, 14, 67, 1
37, 1 | 18, 10, 70, 1
37, 1 | 59, 14, 2, 1
1 | 1 | 36, 8, 65, 12, 33, 5, 46, 5
1 | 1, 21, 11, 67, 1
23, 10, 37, 1 | 66, 12
37, 1 | 65, 12, 53, 5
39, 9 | 43, 14, 66, 12
7, 9 | 67, 1 | 46, 5
1 | 1, 3, 12, 56, 2
90, 9, 60, 14, 70, 1 | 33, 5
37, 1, 24, 10 | 2, 1
39, 9 | 60, 14, 67, 1
8, 9 | 13, 8, 4, 12
1 | 1, 21, 11, 70, 1 | 46, 5
57, 10, 37, 1 | 20, 12
39, 9 | 68, 14, 47, 5
62, 9, 49, 14, 70, 1 | 33, 5
9, 9 | 72, 10, 48, 5
1 | 1, 41, 12, 25, 2
7, 9, 62, 9 | 2, 1
37, 1 | 61, 10, 67, 1
62, 9 | 65, 12 | 70, 1
19, 13 | 29, 8, 65, 12
1 | 1, 21, 11, 2, 1, 33, 5
72, 10, 37, 1 | 66, 12, 46, 5
62, 9 | 75, 14, 53, 5
64, 13, 54, 14, 2 | 1
34, 13, 3, 12 | 46, 5
1 | 1, 3, 12, 26, 2
8, 9 | 68, 14, 67, 1
37, 1, 6, 10, 70, 1 | 33, 5
64, 13, 66, 12 | 2, 1
35, 13 | 32, 8, 4, 12
1 | 1, 21, 11, 67, 1
10, 10, 37, 1 | 20, 12
64, 13, 4, 12 | 47, 5, 46, 5
76, 9 | 59, 14, 6, 10
37, 1 | 10 | 10, 48, 5, 33, 5
1 | 1, 41, 12, 27, 2
9, 9 | 75, 14, 70, 1
37, 1 | 12 | 10, 2, 1
76, 9 | 68, 14, 67, 1
39, 9 | 36, 8, 65, 12
1 | 1, 21, 11, 70, 1
17, 10, 37, 1, 66, 12 | 33, 5
76, 9 | 12 | 10, 53, 5
77, 9 | 60, 14, 13, 8, 46, 5
62, 9 | 17, 10, 46, 5
1 | 1, 3, 12, 28, 2
39, 9 | 76, 9 | 2, 1
37, 1 | 18, 10, 67, 1
77, 9, 75, 14, 70, 1 | 33, 5
64, 13 | 13, 8, 4, 12
1 | 1, 21, 11, 2, 1
23, 10, 37, 1 | 20, 12
77, 9 | 18, 10, 47, 5
85, 9, 62, 9 | 20, 12
76, 9 | 23, 10, 48, 5, 46, 5
1 | 1, 41, 12, 38, 2, 33, 5
62, 9 | 77, 9 | 67, 1
37, 1 | 24, 10, 70, 1
85, 9 | 3, 12 | 2, 1
77, 9 | 29, 8, 65, 12
1 | 1, 21, 11, 67, 1
57, 10, 37, 1 | 66, 12
85, 9, 24, 10, 53, 5 | 33, 5
90, 9 | 68, 14, 29, 8
85, 9 | 32, 8, 46, 5
1 | 1, 3, 12, 44, 2, 46, 5
76, 9, 85, 9 | 70, 1
37, 1, 61, 10 | 2, 1
90, 9 | 4, 12 | 67, 1
90, 9, 32, 8, 4, 12 | 33, 5
1 | 1, 21, 11, 70, 1
72, 10, 37, 1 | 20, 12
90, 9 | 36, 8, 47, 5
1 | 1 | 75, 14, 41, 12
1 | 1 | 43, 14, 48, 5
1 | 1, 41, 12, 51, 2
77, 9 | 90, 9 | 2, 1, 33, 5, 46, 5
37, 1 | 6, 10, 67, 1
1 | 1, 20, 12 | 70, 1
7, 9 | 36, 8, 65, 12
1 | 1, 21, 11, 2, 1
10, 10, 37, 1 | 66, 12
1 | 1 | 49, 14, 53, 5
7, 9 | 76, 9, 54, 14, 33, 5
8, 9, 57, 10 | 46, 5
1 | 1, 3, 12, 52, 2
85, 9 | 7, 9 | 67, 1
37, 1 | 12 | 10, 70, 1 | 46, 5
7, 9 | 41, 12 | 2, 1
9, 9 | 13, 8, 4, 12
1 | 1, 21, 11, 67, 1, 33, 5
17, 10, 37, 1 | 20, 12
7, 9 | 59, 14, 47, 5
8, 9 | 77, 9, 60, 14
19, 13, 61, 10 | 48, 5
1 | 1, 41, 12, 56, 2
90, 9 | 8, 9 | 70, 1
37, 1, 18, 10, 2, 1 | 33, 5
8, 9, 43, 14, 67, 1 | 46, 5
34, 13 | 29, 8, 65, 12
1 | 1, 21, 11, 70, 1
23, 10, 37, 1 | 66, 12
8, 9 | 65, 12, 53, 5
9, 9, 85, 9 | 66, 12
35, 13, 67, 1 | 46, 5, 33, 5
1 | 1, 3, 12, 25, 2
7, 9 | 9 | 9 | 2, 1
37, 1 | 24, 10, 67, 1
9, 9 | 49, 14, 70, 1
37, 1 | 32, 8, 4, 12, 46, 5
1 | 1, 21, 11, 2, 1
57, 10, 37, 1, 20, 12 | 33, 5
9, 9 | 68, 14, 47, 5
19, 13, 90, 9 | 70, 1
39, 9 | 72, 10, 48, 5
1 | 1, 41, 12, 26, 2
8, 9, 39, 9 | 67, 1
37, 1 | 61, 10, 70, 1
19, 13, 54, 14, 2, 1 | 33, 5
62, 9 | 36, 8, 65, 12
1 | 1, 21, 11, 67, 1 | 46, 5
72, 10, 37, 1 | 66, 12
19, 13 | 75, 14, 53, 5
34, 13, 7, 9 | 2, 1
64, 13, 3, 12 | 46, 5
1 | 1, 3, 12, 27, 2, 33, 5
9, 9 | 43, 14, 70, 1
37, 1, 6, 10 | 2, 1
34, 13, 59, 14 | 67, 1
76, 9 | 13, 8, 4, 12
1 | 1, 21, 11, 70, 1
10, 10, 37, 1 | 20, 12, 46, 5
34, 13, 4, 12, 47, 5 | 33, 5
35, 13, 8, 9 | 6, 10
77, 9 | 10 | 10, 48, 5
1 | 1, 41, 12, 28, 2
39, 9 | 49, 14, 2, 1
37, 1 | 12 | 10, 67, 1
35, 13 | 60, 14, 70, 1
85, 9, 29, 8, 65, 12 | 33, 5
1 | 1, 21, 11, 2, 1
17, 10, 37, 1 | 66, 12
35, 13, 12 | 10, 53, 5, 46, 5
37, 1 | 9 | 9 | 13, 8
90, 9 | 17, 10, 46, 5
1 | 1, 3, 12, 38, 2
62, 9, 54, 14, 67, 1 | 33, 5
37, 1 | 18, 10, 70, 1
37, 1 | 65, 12 | 2, 1
1 | 1 | 32, 8, 4, 12
1 | 1, 21, 11, 67, 1
23, 10, 37, 1 | 20, 12
37, 1, 18, 10 | 47, 5
39, 9 | 13, 8, 20, 12, 33, 5, 46, 5
7, 9 | 23, 10, 48, 5
1 | 1, 41, 12, 44, 2
76, 9 | 59, 14, 70, 1
37, 1, 24, 10 | 2, 1
39, 9 | 66, 12 | 67, 1
8, 9 | 36, 8, 65, 12
1 | 1, 21, 11, 70, 1, 33, 5
57, 10, 37, 1 | 66, 12
39, 9 | 24, 10, 53, 5
62, 9 | 29, 8, 29, 8
9, 9 | 32, 8, 46, 5, 46, 5
1 | 1, 3, 12, 51, 2
77, 9 | 60, 14, 2, 1
37, 1, 61, 10, 67, 1 | 33, 5
62, 9 | 68, 14, 70, 1
19, 13 | 13, 8, 4, 12
1 | 1, 21, 11, 2, 1
72, 10, 37, 1 | 20, 12
62, 9 | 36, 8, 47, 5
64, 13, 32, 8 | 41, 12
34, 13, 43, 14, 48, 5 | 33, 5
1 | 1, 41, 12, 52, 2, 46, 5
85, 9, 62, 9 | 67, 1
37, 1 | 6, 10, 70, 1
64, 13, 75, 14, 2 | 1
35, 13 | 29, 8, 65, 12
1 | 1, 21, 11, 67, 1
10, 10, 37, 1, 66, 12 | 33, 5
64, 13 | 49, 14, 53, 5
76, 9 | 36, 8, 54, 14
37, 1 | 57, 10, 46, 5
1 | 1, 3, 12, 56, 2
90, 9, 68, 14, 70, 1 | 46, 5
37, 1 | 12 | 10, 2, 1
76, 9 | 3, 12 | 67, 1, 33, 5
39, 9 | 32, 8, 4, 12
1 | 1, 21, 11, 70, 1
17, 10, 37, 1 | 20, 12
76, 9 | 59, 14, 47, 5
77, 9 | 39, 9, 60, 14
62, 9 | 61, 10, 48, 5
1 | 1, 41, 12, 25, 2, 33, 5
7, 9 | 75, 14, 2, 1
37, 1, 18, 10, 67, 1 | 46, 5
77, 9 | 4, 12 | 70, 1
64, 13 | 36, 8, 65, 12
1 | 1, 21, 11, 2, 1
23, 10, 37, 1 | 66, 12
77, 9 | 65, 12, 53, 5, 33, 5
85, 9 | 43, 14, 66, 12
76, 9 | 67, 1 | 46, 5
1 | 1, 3, 12, 26, 2
8, 9 | 76, 9 | 67, 1
37, 1 | 24, 10, 70, 1
85, 9 | 20, 12 | 2, 1 | 46, 5
77, 9 | 13, 8, 4, 12, 33, 5
1 | 1, 21, 11, 67, 1
57, 10, 37, 1 | 20, 12
85, 9 | 68, 14, 47, 5
90, 9 | 49, 14, 70, 1
85, 9 | 72, 10, 48, 5
1 | 1, 41, 12, 27, 2
9, 9 | 77, 9 | 70, 1, 33, 5
37, 1, 61, 10 | 2, 1
90, 9 | 41, 12 | 67, 1
90, 9 | 29, 8, 65, 12, 46, 5
1 | 1, 21, 11, 70, 1
72, 10, 37, 1 | 66, 12
90, 9 | 75, 14, 53, 5
1 | 1 | 54, 14, 2, 1, 33, 5
1 | 1, 3, 12, 46, 5
1 | 1, 3, 12, 28, 2
39, 9, 85, 9 | 2, 1
37, 1 | 6, 10, 67, 1
1 | 1 | 43, 14, 70, 1
7, 9 | 32, 8, 4, 12
1 | 1, 21, 11, 2, 1, 33, 5, 46, 5
10, 10, 37, 1 | 20, 12
1 | 1 | 4, 12, 47, 5
7, 9 | 59, 14, 6, 10
8, 9 | 10 | 10, 48, 5
1 | 1, 41, 12, 38, 2
62, 9 | 90, 9 | 67, 1
37, 1 | 12 | 10, 70, 1, 33, 5
7, 9 | 49, 14, 2, 1
9, 9 | 36, 8, 65, 12
1 | 1, 21, 11, 67, 1
17, 10, 37, 1 | 66, 12, 46, 5
7, 9 | 12 | 10, 53, 5
8, 9 | 60, 14, 13, 8
19, 13, 17, 10 | 46, 5, 33, 5
1 | 1, 3, 12, 44, 2
76, 9 | 7, 9 | 70, 1
37, 1, 18, 10 | 2, 1
8, 9 | 54, 14, 67, 1
34, 13 | 13, 8, 4, 12
1 | 1, 21, 11, 70, 1
23, 10, 37, 1, 20, 12 | 33, 5
8, 9 | 18, 10, 47, 5, 46, 5
9, 9, 62, 9 | 20, 12
35, 13, 23, 10 | 48, 5
1 | 1, 41, 12, 51, 2
77, 9 | 8, 9 | 2, 1
37, 1 | 24, 10, 67, 1
9, 9, 59, 14, 70, 1 | 33, 5
37, 1 | 29, 8, 65, 12
1 | 1, 21, 11, 2, 1
57, 10, 37, 1 | 66, 12
9, 9 | 24, 10, 53, 5
19, 13, 68, 14, 29, 8 | 46, 5
39, 9 | 32, 8, 46, 5
1 | 1, 3, 12, 52, 2, 33, 5
85, 9 | 9 | 9 | 67, 1
37, 1 | 61, 10, 70, 1
19, 13 | 60, 14, 2, 1
62, 9 | 32, 8, 4, 12
1 | 1, 21, 11, 67, 1
72, 10, 37, 1 | 20, 12
19, 13, 36, 8, 47, 5 | 33, 5
34, 13, 75, 14 | 41, 12
64, 13, 43, 14, 48, 5 | 46, 5
1 | 1, 41, 12, 56, 2
90, 9, 39, 9 | 70, 1
37, 1, 6, 10 | 2, 1
34, 13, 65, 12 | 67, 1
76, 9, 36, 8, 65, 12 | 33, 5
1 | 1, 21, 11, 70, 1
10, 10, 37, 1 | 66, 12
34, 13 | 49, 14, 53, 5
35, 13, 76, 9 | 54, 14
77, 9, 57, 10 | 46, 5
1 | 1, 3, 12, 25, 2, 46, 5
7, 9, 43, 14, 2, 1 | 33, 5
37, 1 | 12 | 10, 67, 1
35, 13, 66, 12 | 70, 1
85, 9 | 13, 8, 4, 12
1 | 1, 21, 11, 2, 1
17, 10, 37, 1 | 20, 12
35, 13 | 59, 14, 47, 5
37, 1 | 77, 9, 60, 14, 33, 5
90, 9 | 61, 10, 48, 5
1 | 1, 41, 12, 26, 2
8, 9, 49, 14, 67, 1 | 46, 5
37, 1 | 18, 10, 70, 1
37, 1 | 68, 14, 2, 1
1 | 1 | 29, 8, 65, 12
1 | 1, 21, 11, 67, 1, 33, 5
23, 10, 37, 1 | 66, 12
37, 1 | 65, 12, 53, 5
39, 9, 85, 9 | 66, 12
7, 9 | 67, 1 | 46, 5
1 | 1, 3, 12, 27, 2
9, 9 | 54, 14, 70, 1
37, 1, 24, 10, 2, 1 | 33, 5, 46, 5
39, 9 | 75, 14, 67, 1
8, 9 | 32, 8, 4, 12
1 | 1, 21, 11, 70, 1
57, 10, 37, 1 | 20, 12
39, 9 | 68, 14, 47, 5
62, 9 | 90, 9 | 70, 1
9, 9, 72, 10, 48, 5 | 33, 5
1 | 1, 41, 12, 28, 2
39, 9 | 59, 14, 2, 1
37, 1 | 61, 10, 67, 1
62, 9 | 3, 12 | 70, 1 | 46, 5
19, 13 | 36, 8, 65, 12
1 | 1, 21, 11, 2, 1
72, 10, 37, 1, 66, 12 | 33, 5
62, 9 | 75, 14, 53, 5
64, 13, 7, 9 | 2, 1
34, 13, 3, 12 | 46, 5
1 | 1, 3, 12, 38, 2
62, 9 | 60, 14, 67, 1
37, 1 | 6, 10, 70, 1
64, 13, 4, 12 | 2, 1, 33, 5
35, 13 | 13, 8, 4, 12, 46, 5
1 | 1, 21, 11, 67, 1
10, 10, 37, 1 | 20, 12
64, 13, 4, 12 | 47, 5
76, 9 | 8, 9, 6, 10
37, 1 | 10 | 10, 48, 5
1 | 1, 41, 12, 44, 2, 33, 5
76, 9, 62, 9 | 70, 1
37, 1 | 12 | 10, 2, 1
76, 9 | 20, 12 | 67, 1
39, 9 | 29, 8, 65, 12
1 | 1, 21, 11, 70, 1 | 46, 5
17, 10, 37, 1 | 66, 12
76, 9 | 12 | 10, 53, 5, 33, 5
77, 9 | 9 | 9 | 13, 8
62, 9 | 17, 10, 46, 5
1 | 1, 3, 12, 51, 2
77, 9 | 68, 14, 2, 1
37, 1 | 18, 10, 67, 1
77, 9 | 41, 12 | 70, 1
64, 13, 32, 8, 4, 12 | 33, 5
1 | 1, 21, 11, 2, 1
23, 10, 37, 1 | 20, 12, 46, 5
77, 9 | 18, 10, 47, 5
85, 9 | 13, 8, 20, 12
76, 9 | 23, 10, 48, 5
1 | 1, 41, 12, 52, 2
85, 9, 75, 14, 67, 1 | 33, 5
37, 1 | 24, 10, 70, 1
85, 9 | 43, 14, 2, 1
77, 9 | 36, 8, 65, 12
1 | 1, 21, 11, 67, 1
57, 10, 37, 1 | 66, 12
85, 9 | 24, 10, 53, 5, 46, 5
90, 9 | 29, 8, 29, 8, 33, 5
85, 9 | 32, 8, 46, 5
1 | 1, 3, 12, 56, 2
90, 9 | 76, 9 | 70, 1
37, 1, 61, 10 | 2, 1
90, 9 | 49, 14, 67, 1
90, 9 | 13, 8, 4, 12
1 | 1, 21, 11, 70, 1, 33, 5
72, 10, 37, 1 | 20, 12
90, 9 | 36, 8, 47, 5
1 | 1 | 32, 8, 41, 12, 46, 5
1 | 1 | 43, 14, 48, 5
1 | 1, 41, 12, 25, 2
7, 9 | 77, 9 | 2, 1
37, 1, 6, 10, 67, 1 | 33, 5
1 | 1 | 54, 14, 70, 1
7, 9 | 29, 8, 65, 12
1 | 1, 21, 11, 2, 1
10, 10, 37, 1 | 66, 12
1 | 1 | 49, 14, 53, 5
7, 9 | 36, 8, 54, 14
8, 9, 57, 10 | 46, 5, 33, 5, 46, 5
1 | 1, 3, 12, 26, 2
8, 9, 85, 9 | 67, 1
37, 1 | 12 | 10, 70, 1
7, 9 | 59, 14, 2, 1
9, 9 | 32, 8, 4, 12
1 | 1, 21, 11, 67, 1
17, 10, 37, 1, 20, 12 | 33, 5
7, 9 | 59, 14, 47, 5
8, 9 | 39, 9, 60, 14
19, 13, 61, 10 | 48, 5
1 | 1, 41, 12, 27, 2, 46, 5
9, 9 | 90, 9 | 70, 1
37, 1, 18, 10 | 2, 1
8, 9, 60, 14, 67, 1 | 33, 5
34, 13 | 36, 8, 65, 12
1 | 1, 21, 11, 70, 1
23, 10, 37, 1 | 66, 12
8, 9 | 65, 12, 53, 5
9, 9 | 43, 14, 66, 12
35, 13, 67, 1 | 46, 5
1 | 1, 3, 12, 28, 2, 33, 5
39, 9 | 7, 9 | 2, 1 | 46, 5
37, 1 | 24, 10, 67, 1
9, 9 | 65, 12 | 70, 1
37, 1 | 13, 8, 4, 12
1 | 1, 21, 11, 2, 1
57, 10, 37, 1 | 20, 12
9, 9, 68, 14, 47, 5 | 33, 5
19, 13, 49, 14 | 70, 1
39, 9 | 72, 10, 48, 5
1 | 1, 41, 12, 38, 2
62, 9 | 8, 9 | 67, 1
37, 1, 61, 10, 70, 1 | 46, 5
19, 13, 66, 12 | 2, 1
62, 9, 29, 8, 65, 12 | 33, 5
1 | 1, 21, 11, 67, 1
72, 10, 37, 1 | 66, 12
19, 13 | 75, 14, 53, 5
34, 13, 54, 14, 2 | 1
64, 13, 3, 12 | 46, 5
1 | 1, 3, 12, 44, 2
76, 9 | 9 | 9 | 70, 1, 33, 5
37, 1, 6, 10 | 2, 1
34, 13, 68, 14, 67, 1 | 46, 5
76, 9 | 32, 8, 4, 12
1 | 1, 21, 11, 70, 1
10, 10, 37, 1 | 20, 12
34, 13, 4, 12 | 47, 5
35, 13, 59, 14, 6, 10 | 33, 5
77, 9 | 10 | 10, 48, 5
1 | 1, 41, 12, 51, 2
77, 9, 39, 9 | 2, 1
37, 1 | 12 | 10, 67, 1
35, 13, 75, 14 | 70, 1
85, 9 | 36, 8, 65, 12, 46, 5
1 | 1, 21, 11, 2, 1, 33, 5
17, 10, 37, 1 | 66, 12
35, 13, 12 | 10, 53, 5
