245, 245, 75 | 343, 245, 127, 59
169, 124, 155, 87 | 89, 336, 65, 389 | 99, 81, 233
211, 89, 336 | 67 | 59, 87 | 402, 76
342 | 8, 171 | 48, 99 | 391
169, 407, 17 | 342 | 9, 296, 67 | 99, 267
342 | 387 | 123, 150 | 342 | 149, 130, 51 | 123, 150
342 | 194, 67 | 59, 87 | 99, 267
342 | 48, 194, 336 | 343 | 230, 175
342 | 149, 130, 51 | 67, 65 | 345 | 123, 293
342 | 367, 204 | 99, 267
342 | 8, 65 | 72, 343 | 123, 293
342 | 347, 336 | 99 | 87, 197, 87
342 | 8, 48, 99 | 381, 86
15, 86 | 97 | 211, 89, 336
211, 59 | 171, 153, 153 | 99, 267
342 | 219, 72 | 99 | 180, 149, 223
162, 109, 99 | 381, 219
342 | 87 | 296, 325, 72 | 99, 34
342 | 347, 155 | 51, 375 | 67 | 99 | 252, 206, 387
342 | 8, 171 | 99, 19, 96, 409
169, 106, 99, 267 | 89, 89 | 230, 253
245, 245, 75, 336 | 249
342 | 193, 48, 99 | 169, 396, 400
342 | 347, 65 | 100, 162, 28, 54
211, 89, 336 | 70 | 67 | 99, 257, 28, 87
342 | 358, 108, 204, 60, 389 | 99 | 86, 210
211, 89, 336 | 59, 171
1, 342 | 9, 298, 215
342 | 25, 124 | 99, 267
14, 121 | 67 | 59, 87 | 99 | 391
342 | 127, 59, 87, 343 | 162, 249
194, 379 | 1, 1
342 | 149, 130, 51, 59, 87 | 67, 65 | 99 | 162, 28, 244, 87
211, 59 | 67, 387 | 99 | 391
342 | 287, 106, 343, 162, 28
211, 89, 336 | 59 | 171 | 99, 267
342 | 389 | 70 | 123, 150
342 | 347, 65 | 99, 267
342 | 8, 194, 343, 403
342 | 51, 293 | 123, 150
245, 245, 51 | 17
342 | 348, 89, 336 | 72, 387 | 99, 267
211, 89, 336 | 59 | 389 | 121 | 99 | 391
319, 343, 86 | 123, 150
342 | 53 | 72, 343, 47
176, 176, 391 | 59, 125, 53, 216 | 391
342 | 197, 112, 124, 123, 94
342 | 296, 59, 87 | 99 | 391
1, 342 | 51, 336 | 99, 267
176, 342 | 8, 17, 102
342 | 292, 98 | 342 | 242
342 | 326, 87, 387 | 99 | 391
342 | 230, 253, 59, 125, 164
342 | 53 | 59 | 123 | 391
343, 53 | 230, 175 | 99, 400, 197
342 | 193, 136, 343 | 123, 293
342 | 348, 72, 387 | 99, 182, 336, 28
342 | 347, 336 | 344, 123, 293
342 | 87, 403 | 194, 112, 99, 267
169, 124 | 342 | 296, 72, 389 | 123, 150
342 | 326, 99 | 162, 50
342 | 247, 59 | 171 | 99, 395, 17
342 | 230, 343 | 123, 293
211, 89, 336 | 70 | 123, 216
211, 59 | 387, 343, 79
342 | 162, 249, 87 | 123, 412
342 | 137, 102, 343, 155, 51
254, 222, 67 | 99 | 245, 245, 155
162, 391 | 230, 123, 402 | 293
342 | 287, 373, 72, 53
395, 137, 97, 402 | 267
342 | 8, 171, 89, 329
342 | 197, 112, 123 | 59, 125, 400
342 | 128, 343 | 123, 293
1, 342 | 8, 59 | 99 | 86, 319
342 | 87, 403 | 342 | 233 | 267
342 | 169, 249, 87, 343, 254
176, 1, 342 | 87, 403
342 | 347, 127, 123, 216
342 | 173, 343 | 123, 293
342 | 230, 253, 343 | 302, 373, 373
211, 176, 175, 86 | 343, 355
224, 342 | 53, 65 | 72 | 98 | 99, 81, 244
342 | 8, 171 | 99 | 336, 249
211, 59 | 109, 99, 173, 216
12, 162, 249 | 99, 400, 403
342 | 135, 123, 150 | 211, 59 | 65 | 98, 293
342 | 8, 171, 53 | 230, 175 | 99, 267
211, 67 | 59, 87 | 99, 267, 238
342 | 8, 171 | 342 | 187, 403
211, 89, 336, 65 | 72 | 99, 267
342 | 192, 72 | 99, 267
211, 98, 343 | 58, 182
342 | 296, 59 | 99, 395
342 | 17, 100, 343 | 123, 293
342 | 53 | 345, 297, 150
1, 342 | 176, 175, 86, 215
98, 391 | 252, 347, 336, 244
342 | 347, 78, 70 | 344, 186, 87
342 | 194, 112, 99 | 391
211, 89, 336 | 72, 65 | 123 | 391
211, 67, 86 | 98 | 342 | 37
342 | 87, 403, 65 | 99, 267
342 | 149, 130, 51, 72
342 | 135, 67 | 100, 61, 293, 17
342 | 211, 59 | 123, 286
211, 67, 343 | 249, 197
342 | 140, 8, 194, 112
162, 104, 99, 400 | 74, 343
211, 70 | 67, 65 | 99 | 391
342 | 8, 389, 178, 67, 389 | 97, 391
169, 106, 97, 345 | 342 | 249
342 | 334, 169, 407, 66, 100, 303, 28
342 | 135, 121 | 67, 65 | 345 | 342 | 249
342 | 8, 234, 97, 391
176, 252, 189, 28, 87 | 391 | 293, 17
342 | 149, 123, 216
342 | 121 | 89, 336, 65
342 | 230, 204 | 99, 286
169, 104, 97 | 342 | 169, 249, 65
8, 294, 341, 59 | 171, 389, 344
342 | 233, 65, 53 | 344 | 230, 175
56, 244 | 72 | 375, 294, 58, 244, 65 | 123, 216
245, 245, 25, 98 | 99, 267
342 | 8, 48, 99, 267, 309, 341
342 | 169, 249, 360, 89, 336 | 59 | 171, 53 | 99, 267
342 | 169, 249, 389 | 99 | 391
162, 403, 72 | 67 | 344, 89, 80
342 | 162, 249, 65 | 99, 267
342 | 193, 258, 48, 97, 391
254, 216 | 89, 336 | 72 | 99, 267
211, 155, 301, 344, 245 | 293
342 | 110, 204 | 99, 267
342 | 8, 72 | 59, 87 | 99 | 391
342 | 8, 171, 345 | 123, 293
342 | 259, 72, 65, 121
173, 97 | 342 | 340, 47, 99, 267
242, 211, 70 | 67 | 99, 234
1, 342 | 87, 403, 343, 195, 146
162, 204 | 342 | 322, 99, 267
342 | 294, 87 | 59 | 171, 65, 387 | 99, 206, 341
342 | 87, 403, 89, 336, 53
336, 67, 65 | 98 | 99, 56, 50
245, 245, 379, 98 | 99 | 180, 403 | 87
342 | 194, 112 | 342 | 67 | 99, 267 | 1, 397
342 | 53 | 230, 175, 65, 343, 162, 17
342 | 162, 249, 343, 160, 59
342 | 194, 112, 89, 336 | 67, 53, 99
342 | 57, 87 | 99, 302, 403
342 | 194, 112, 287
12, 193, 136, 99 | 162, 28, 244, 87 | 287, 214
342 | 287, 373, 72, 53 | 97, 391
162, 87, 245, 245, 99, 54, 28, 244 | 87
342 | 121 | 67, 65, 389 | 99 | 59 | 233, 204
211, 155, 65 | 59, 87, 123
161, 86 | 176, 212, 99 | 391
60, 87, 53 | 344, 123, 293
176, 176, 384, 323, 323 | 293
342 | 169, 249, 59, 87, 389
342 | 8, 171 | 67 | 99, 267
29, 323, 323, 180, 249 | 87, 288, 102
342 | 8, 48, 343, 245, 245
342 | 347, 258, 99, 267
254, 216 | 67 | 59 | 51, 381, 186, 327
342 | 230, 253, 65 | 59, 87 | 99, 267
342 | 347, 165, 301, 186 | 99 | 391
342 | 347, 112, 204
1, 342 | 293, 17 | 123, 150
342 | 230, 204, 86 | 99 | 287, 245
1, 342 | 62, 70 | 99, 267, 146
139, 342 | 59 | 171 | 98 | 391 | 381, 391, 17, 391
342 | 8, 98, 127, 344, 123, 293
1, 342 | 228, 123, 150
342 | 245, 205, 67 | 99, 267
211, 72 | 67, 387 | 99, 267
342 | 8, 67, 72 | 99, 267
224, 65, 387 | 343, 329, 287, 102
342 | 51, 336, 17, 102 | 99, 267
242, 342 | 53, 389, 343, 213, 261
342 | 259, 387, 247, 124
342 | 287, 102, 245, 204
342 | 341 | 72 | 99 | 59, 286, 143
342 | 347, 59, 109, 325, 343, 195, 147
175, 98 | 342 | 201, 150, 87 | 99, 267
342 | 176, 25, 124 | 99 | 53 | 130, 51, 336
28, 130, 51 | 99, 395, 59, 86 | 123 | 233 | 89 | 249
415, 86, 134, 17, 244, 336 | 99, 3, 89
342 | 87, 403, 343 | 123, 293
342 | 294, 87, 343, 57
391, 391 | 98, 134, 261, 256, 163
139, 342 | 197, 112, 67, 389 | 99, 214
342 | 294, 87 | 123, 216
211, 89, 336 | 67 | 72, 387
1, 342 | 59, 109, 99 | 180, 54, 293, 17
254, 222, 121 | 72, 65, 343, 379, 398
211, 325, 87 | 99 | 391 | 97, 127
375, 294 | 342 | 128, 327, 72, 53, 389
324, 124 | 99 | 176, 330
342 | 347, 78, 99 | 403, 202
342 | 233 | 67, 65 | 123 | 391
1, 342 | 96, 409, 124
342 | 193, 136, 86 | 123, 305
342 | 162, 249, 343 | 391 | 391
342 | 121 | 59, 87, 53 | 99 | 391
342 | 8, 59 | 99 | 391
242, 211, 155 | 301, 402, 307, 328
342 | 53 | 70 | 99 | 180 | 230, 87
1, 342 | 48, 99, 267
307, 400 | 342 | 347, 403, 173 | 99, 267
342 | 347, 98 | 67 | 344, 255, 371
211, 72 | 67, 65, 343, 202
342 | 287, 373, 59 | 171, 53, 389
342 | 53 | 59 | 171, 343, 155
211, 89, 336 | 70 | 99 | 391, 328
342 | 358, 98, 89, 336
342 | 81, 375, 375, 343, 50
342 | 149, 123, 216
342 | 296, 67, 65, 389
342 | 294, 70 | 123, 150
342 | 347, 153, 153, 67 | 99, 267
342 | 121 | 67 | 59, 87, 389
342 | 149, 130, 51 | 99, 267
342 | 347, 98, 59 | 171, 53, 387
1, 342 | 59, 109, 86, 298, 215
342 | 296, 169, 124, 155, 87, 343 | 267
342 | 347, 301, 65 | 99, 34
1, 342 | 375, 375 | 99, 267
342 | 381 | 89 | 67 | 59, 87
342 | 162, 249, 343, 162, 373
342 | 319, 287, 123, 32, 197
342 | 214 | 99 | 391
342 | 244 | 67, 72, 65 | 99 | 169, 28 | 391
254, 216 | 89, 336 | 59 | 171 | 123, 216
211, 67, 343 | 249, 197
254, 216 | 342 | 67 | 99, 375
342 | 48, 89 | 171, 53
342 | 176, 25, 99, 398
342 | 296, 389, 343, 209, 336
342 | 38, 59, 87 | 100, 26
12, 75, 86 | 99 | 391 | 343
342 | 233 | 48, 99, 267
342 | 347, 155, 301, 230, 204 | 99, 267
245, 245, 25, 345 | 17
102, 97 | 211, 67, 389 | 99, 210, 86
162, 112, 343 | 123, 293
342 | 296, 343, 162, 249
169, 104, 97, 345 | 219, 194, 194
342 | 287, 102, 387 | 99 | 391
15, 102 | 67, 343, 50
66, 67, 89, 336 | 53 | 99 | 391
342 | 162, 249 | 342 | 53
342 | 245, 245, 216 | 124 | 130, 3 | 342 | 8, 171
342 | 169, 249, 59 | 65, 387 | 99, 327, 326, 336, 244
342 | 296, 67, 65 | 123 | 391
342 | 347, 127 | 67, 65 | 99, 267
342 | 169, 249, 72, 70 | 99, 4
342 | 162, 249, 72 | 59 | 171, 53, 386, 99 | 391
1, 342 | 8, 171 | 67 | 99, 267
60, 87 | 59 | 53, 152
342 | 348, 67 | 99 | 287, 102, 249
245 | 245, 25, 98, 345
342 | 113, 343, 302, 198
342 | 8, 171, 17, 264
342 | 347, 403, 217, 99, 267
89, 336 | 72 | 59, 87 | 98 | 391
174, 98 | 342 | 149, 130, 51
162, 102 | 99 | 28, 175
211, 59 | 171 | 99 | 402, 307
17, 319 | 342 | 48, 72, 387
307 | 249, 310, 17, 215
342 | 327, 390, 89, 336
155, 249 | 205, 211, 70, 402, 267
190, 89 | 97 | 8, 48, 245, 205
342 | 258, 112, 204 | 67, 65, 389
342 | 135, 123, 150 | 211, 59 | 65 | 98, 293
206, 175 | 67, 343 | 123, 293
342 | 25, 124 | 99, 267
176, 1, 342 | 96, 409, 124
342 | 294, 65, 343 | 123, 293
342 | 284, 87 | 65 | 123, 216, 256, 403
342 | 53 | 230, 175 | 99 | 381, 159
211, 89, 336 | 123 | 391
307, 249 | 58, 332, 89, 264
180, 175, 249, 87 | 287, 264
68, 343 | 162, 287, 234
1, 342 | 72 | 123 | 402, 267
342 | 59 | 344, 229, 216, 3
176, 10, 245, 245, 121 | 97, 10, 75
342 | 149, 130, 51 | 99, 267
342 | 48, 89, 336 | 67, 65, 387
14, 75, 98 | 342 | 182
342 | 8, 53 | 59, 87 | 99, 267 | 51, 173
211, 155 | 59 | 59 | 99, 267 | 186 | 211, 293, 293, 17
245, 25, 98, 59 | 233, 391
211, 59, 86 | 97, 336, 197
86, 49, 336 | 343 | 123, 293
342 | 194, 112, 89, 336 | 72, 53, 387 | 99, 267, 238
342 | 8, 171, 155, 87 | 99 | 391
342 | 48, 343, 162, 28
342 | 347, 98 | 99, 267
342 | 62, 99, 57, 216, 162
342 | 58, 244 | 59, 87 | 99 | 402, 303, 191
245, 245, 25, 326, 87 | 15, 389, 178
342 | 387 | 99 | 391 | 343
180, 175, 357, 87 | 123, 195
176, 180, 175, 307, 244 | 87
40, 102 | 97 | 342 | 293, 182
267, 76, 375 | 162, 249 | 99, 267, 150, 214
267, 205, 402, 267 | 343
342 | 415, 99 | 402, 30
342 | 8, 171 | 99, 267
173, 97 | 211, 69, 389 | 99, 210, 86
342 | 387 | 59, 87 | 70 | 99 | 391
342 | 8, 48, 403, 103, 99, 267
342 | 347, 403, 217, 102
342 | 294, 59, 87 | 99, 25
342 | 296, 89, 336 | 123, 150
267, 180, 249 | 211, 155, 204
342 | 53 | 70 | 123 | 391
211, 89, 336 | 72, 65, 375
1, 342 | 48, 343 | 125, 16
342 | 162, 249, 98 | 123 | 391
86, 59 | 402 | 342 | 124 | 99, 284
211, 89, 336 | 123 | 59, 104
169, 293, 182, 389 | 99 | 391
342 | 8, 171 | 99, 267
373, 127, 373 | 211, 65 | 123, 216
342 | 149, 130, 51 | 67 | 59 | 171, 389 | 344 | 123, 293
342 | 48, 162, 1, 162
211, 155 | 72 | 342 | 53 | 99, 267, 375
254, 216 | 89, 336 | 59 | 171, 53
254, 222, 65 | 99, 267
211, 230, 205, 99 | 252, 303
173, 97, 224 | 342 | 59, 87 | 99, 267
211, 155 | 72, 53 | 99, 267
342 | 193, 99 | 59, 125, 127, 233
175, 1, 175 | 97, 127, 59 | 336
1, 342 | 59, 105, 99 | 391
12, 162, 249, 287 | 99, 267
342 | 347, 192, 99 | 89, 336
342 | 81, 253, 72 | 123 | 391
1, 342 | 96, 409, 124, 86 | 99, 155
254, 222, 89, 336, 65 | 99, 267
342 | 53 | 70 | 99 | 121, 399
342 | 224, 72 | 99, 64, 76
342 | 162, 249, 59, 102
342 | 347, 403, 173, 47, 344
342 | 62, 48, 123, 293
169, 397, 59 | 171, 387 | 344, 293, 182
176, 234, 204 | 193, 136, 293, 17
12, 162, 249, 343 | 123, 293
245, 245, 75, 86 | 342 | 267
211, 155 | 59, 87 | 67, 387, 343, 160, 59, 84
91, 86 | 89 | 326, 72 | 97, 293, 400
342 | 51, 336 | 343, 291
176, 68, 86 | 123 | 391
162, 102 | 99 | 86, 197
12, 124 | 391, 209, 336
342 | 8, 17, 102 | 99, 15, 293
1, 342 | 9, 264
15, 102 | 123 | 402, 267
342 | 296, 65 | 344, 323
342 | 8, 171 | 67 | 99, 267
342 | 294, 343 | 123, 293
342 | 347, 127 | 48, 99, 267
342 | 284, 87 | 89, 336 | 70, 65 | 99, 267, 202 | 211, 293, 293, 17
342 | 89, 336 | 72, 387
162, 102 | 99, 32, 319
242, 342 | 162, 249 | 99, 267
342 | 124 | 99 | 162, 17
211, 176, 175 | 99, 267
211, 59 | 65 | 99, 54, 19, 87
342 | 121 | 99, 267, 238
342 | 230, 204 | 99, 267
342 | 149, 130, 51 | 67, 343, 303
342 | 347, 98, 343, 162, 87
342 | 214, 175 | 99 | 391
342 | 387 | 123, 150 | 342 | 149, 130, 51 | 123, 150
342 | 197, 112, 99 | 391
1, 342 | 67, 65 | 99, 303, 17
342 | 81, 17, 100
342 | 87 | 121 | 98 | 169, 104
342 | 294, 87 | 402, 267
211, 89, 336, 65 | 67, 343, 290, 290
15, 287, 104, 97, 162 | 87
342 | 336 | 409, 202, 161
342 | 162, 249, 72 | 99 | 402, 268, 307, 397
342 | 403, 103, 86 | 99, 267
194, 59, 87 | 99, 267
342 | 296, 98 | 99 | 391
211, 59 | 97, 391 | 59, 125, 186
12, 84, 25, 99 | 162, 18
342 | 25, 124, 86, 343, 28, 197
162, 406, 17 | 48, 387 | 99 | 180, 54
345, 345, 25, 98 | 99 | 391
342 | 53 | 67, 65 | 99 | 59, 125, 415
342 | 347, 97, 72 | 99, 267
211, 72, 387 | 123 | 391
342 | 149, 130, 51 | 344, 245, 323
342 | 197, 112, 72, 53 | 99, 267
71, 387 | 99 | 59 | 233, 153
139, 342 | 59, 87, 389 | 97, 252, 197, 240, 18
1, 342 | 8, 59, 87, 343, 203
249, 336, 197 | 293, 17
169, 407, 145, 342 | 287, 373, 287, 102 | 72, 389 | 99, 267, 309, 341
1, 342 | 48, 344, 123, 293
180, 178, 89, 336 | 70 | 99, 223, 245, 245, 89
342 | 347, 89, 336, 387 | 99 | 293, 186
342 | 230, 253, 302, 264
342 | 58, 332, 87 | 65
342 | 70 | 59 | 233, 245, 143
342 | 149, 130, 51 | 67, 65
342 | 127, 72 | 99, 177, 186, 87
342 | 135, 89, 336 | 99, 267 | 387
342 | 287, 373, 89, 336, 65
211, 89 | 72, 70 | 99, 267
342 | 358, 127, 59, 87, 53
342 | 347, 192, 59, 87 | 99, 267
174, 98 | 342 | 169, 249, 89, 336 | 100, 149, 301
342 | 194, 112, 99, 256, 245, 330
293, 336 | 54, 326, 87 | 293, 17, 300
342 | 149, 130, 51, 387 | 59 | 67, 65 | 99, 267
186, 304, 98 | 87, 367, 261
293, 127, 150 | 97, 214, 302
71, 342 | 48, 345, 127, 245, 245
342 | 247, 48, 89, 336, 72
211, 89, 336 | 59 | 171, 387
342 | 327, 70 | 67, 53 | 97, 391
15, 389, 178, 98 | 342 | 284, 87
342 | 48 | 149, 130, 51, 59, 87, 389 | 123, 216
342 | 194, 112, 89, 336, 387 | 99 | 59 | 233, 293
342 | 194, 112, 89, 336
169, 124 | 254, 222, 72, 65, 389 | 99, 267
342 | 293, 182, 72, 389 | 99 | 169, 183
254, 222, 342 | 121 | 59 | 171, 53 | 123, 412
139, 342 | 67 | 123, 216
211, 89, 336, 65, 53, 387 | 99 | 86, 307
342 | 194, 53 | 99, 267, 417
1, 342 | 9, 99, 267
14, 72 | 59, 87, 343, 379
1, 342 | 9, 99 | 391
342 | 8, 48, 169, 116
342 | 347, 89, 336, 65
211, 89, 336 | 99, 322, 87
211, 72 | 67, 53 | 123, 150
342 | 153, 153 | 99, 180
342 | 53, 65 | 97, 402, 379, 319
12, 347, 59, 102 | 99, 267
342 | 162, 249, 155, 87 | 99, 267
342 | 162, 249, 155, 87 | 99, 267
342 | 127 | 67 | 97, 391
342 | 48, 67 | 99, 329, 204
342 | 287, 102, 389 | 89, 336, 65, 121
342 | 162, 249, 67, 343 | 162, 335
342 | 8, 67, 343, 329, 287, 102
342 | 287, 102 | 99, 64, 336
342 | 359, 65 | 99, 267
180, 175, 252, 391 | 99 | 391
342 | 296, 70, 59 | 99, 267
342 | 8, 171 | 67 | 99 | 402, 400, 94
342 | 162, 249, 70 | 67, 65 | 345 | 123, 293
15, 389, 178 | 342 | 358, 70, 65
342 | 348, 67 | 123 | 171, 121, 121
342 | 169, 249, 28, 343
342 | 162, 249, 72, 70, 343
211, 72, 387 | 99, 267
342 | 53 | 72 | 345, 27
342 | 149, 130, 51, 98 | 123, 412
176, 342 | 197, 112, 293, 182, 53 | 99, 267
342 | 245, 205, 99, 384
342 | 307, 249, 307, 307, 245
342 | 169, 249, 343 | 169, 28
342 | 162, 249, 343, 328
342 | 287, 106, 99 | 391
342 | 162, 249, 123, 305
1, 342 | 59, 102 | 99 | 162, 155
342 | 294, 89 | 343, 328
342 | 176, 25, 124
342 | 194, 287, 100 | 99 | 391
342 | 53 | 230, 175, 343, 249, 87
176, 1, 342 | 59, 102
212, 402 | 84, 55, 127
15, 48, 398, 59 | 173 | 99, 89
211, 155 | 302, 123, 150
211, 59 | 59 | 99, 267
162, 112, 99 | 59, 229, 343
342 | 8, 67, 65, 343, 47, 22
252, 391 | 8, 171, 343 | 186, 261
342 | 347, 65 | 67 | 99, 59
14, 2, 211, 89, 336 | 342 | 341 | 59 | 171, 389
254, 216 | 99 | 28, 249
342 | 226, 59 | 171, 53 | 123, 150
342 | 347, 155, 301, 186, 72
342 | 87, 403 | 67 | 59, 87, 343
342 | 169, 249, 59, 102 | 99, 267
97, 180 | 174, 28, 381, 89
342 | 326, 87 | 99, 267
169, 124 | 342 | 65 | 59, 87 | 99, 267, 83, 319
342 | 348, 70, 389 | 99, 267
342 | 87, 403, 72 | 67, 89, 336 | 121 | 99 | 252, 197, 58
342 | 81, 385, 375 | 123, 150
169, 87 | 287, 102, 155 | 99 | 72, 65
169, 124, 89, 336 | 58, 244, 65 | 99 | 391
15, 389, 178, 98 | 99, 267
126, 342 | 293, 293, 293
169, 194, 89, 336 | 65
176, 51 | 176, 319, 287, 241
15, 389, 178, 98 | 342 | 168, 249
169, 104, 97 | 342 | 128, 327, 17
1, 342 | 96, 409, 124
342 | 48, 97, 402, 267, 417
342 | 110, 204, 247, 136
169, 124 | 342 | 8, 204, 336
15, 389, 178, 169, 407 | 342 | 72 | 70, 53
342 | 347, 245, 204 | 99, 267
342 | 244 | 67, 343 | 267
342 | 128, 327, 89, 336 | 72 | 99, 267
336, 375, 294, 407, 65 | 99, 341, 345
211, 89, 336 | 70, 389 | 99, 267
342 | 86, 206, 65 | 123, 293
342 | 244 | 67 | 99 | 130, 51, 364
169, 407, 17 | 342 | 72 | 67, 53, 402
342 | 347, 245, 204, 343
334, 249, 97, 307 | 186, 261
342 | 53, 102 | 99, 173
342 | 197, 112, 59 | 171, 387
1, 342 | 65, 343, 195, 402
342 | 169, 249, 65 | 99 | 86, 134, 261
169, 87 | 407, 89, 336 | 70, 389 | 99 | 252, 381, 28, 341
15, 389, 178, 98 | 342 | 284, 87
211, 18, 89, 336 | 67, 53
87, 391 | 87, 17, 107
261, 87, 225, 343 | 342 | 234
60, 87 | 99 | 98, 134, 261
342 | 228, 123, 150
342 | 62, 65 | 99, 267
169, 407, 17 | 342 | 8, 9, 99 | 402, 78, 95
12, 72, 387 | 89, 336, 67
342 | 70 | 59, 87 | 99, 267
342 | 17 | 341 | 99 | 180, 343
404, 93, 250, 86 | 123, 293
211, 89, 336 | 67, 53 | 99, 267
211, 72, 387 | 99, 267
190, 102, 343 | 123, 293
342 | 387 | 72, 343, 302, 198
342 | 87, 403 | 99 | 180, 149, 104
14, 162, 249, 86, 343 | 123, 293
175, 28, 381 | 89, 327
211, 89, 336 | 72 | 67 | 230, 204
342 | 169, 249 | 294, 59, 87, 387 | 123, 293
254, 216 | 72 | 99 | 381, 18
169, 106, 97 | 126, 245, 77, 293
342 | 347, 258, 97, 214, 249
342 | 53 | 67 | 123, 32, 320
168, 127, 66, 72 | 343, 244
175, 97 | 254, 216 | 72 | 123 | 162, 18

